106.205451245657
117.395920204462
94.0149825976939
87.2059311028515
90.4082758767307
117.593406521479
104.368984102454
89.4477654923846
93.6691135000913
93.1824372222586
113.170829939493
110.568443187179
101.918923689134
89.8862692387084
88.2051569365788
99.8860701355056
103.323022625499
89.1085867672094
97.5775764021892
84.2217812167506
116.54937730618
137.466086665404
155.247456301284
125.932308441318
140.466938295973
134.066249282628
141.240908898859
133.285620859819
126.180434443246
135.425467574325
145.025072467432
161.268926105035
114.039615875784
170.702264491263
144.401607650899
141.844040796857
128.500744490256
147.271834374525
133.91371362405
138.603490480012
149.252355211655
133.344524200496
134.380636313536
140.031663633417
129.788964166552
152.510310403193
142.932773074789
147.122930028534
134.638815146341
124.275902395526
145.98535573957
148.369349850516
132.600644564098
146.143374002462
141.058147666689
143.595565925269
125.497633558399
144.912336998944
141.322887735604
146.700333781726
162.468459442587
135.529927965231
136.793750948515
153.613803255557
130.28620185162
141.39726901746
142.41390208
140.62872471971
151.400866460547
141.39909506247
139.567885369425
137.908252060599
119.603701351158
133.329263000889
121.870762021727
136.129934993499
140.069180218822
137.984331103182
116.215999553238
130.308358380341
128.777360632554
150.323363395306
143.000725632749
130.342893515229
117.295471979284
133.809369772267
136.470545019369
126.571633016326
155.234160630656
144.557231257492
147.907805936875
143.521265036315
136.540367527552
136.590551492656
128.316130599531
134.857659651151
136.915421615869
130.440557578823
125.18143175554
132.569340886016
135.587466572446
142.075744570845
125.798649992334
136.732128178224
121.08818135288
142.044972397029
134.849536266107
141.684026302182
142.427626989491
141.672681498566
125.309569963978
155.291180576539
142.044415467787
144.162172396845
144.555843209094
122.625401707771
146.493575561732
118.328255918922
127.402407975273
147.609503897546
