92.9493584219802
106.654239130806
92.4420360957721
93.4118881904731
86.5349092756009
113.462198703013
97.2020236426346
89.2686543564773
92.971518534729
100.353155883284
85.9728829058999
102.118627127977
115.354680061516
81.9403104388533
108.572388993723
90.4635999900958
116.664828731224
98.6510429805279
105.216084503001
100.500931603979
150.952231338962
155.29088569333
160.553667917097
147.189403378373
167.80217367628
150.060521818065
152.078299026088
150.884260855826
130.907779205737
149.70713472535
134.063940404894
149.076588838107
163.948205463445
146.143572539201
141.838374372905
123.414042487931
141.317776576191
141.200634581097
155.060266550957
173.795881836573
165.988639407936
148.166725932873
153.277953652762
145.017346230116
147.740647765419
144.088903962419
148.712502523896
147.547255845246
152.941806273626
150.598239888653
156.105880431585
141.46095260948
160.676585341088
168.596530410866
147.898575081214
160.325326969849
145.640176142461
141.614171364541
168.64950190312
153.001493812085
153.598384261211
150.694257542543
138.119951090561
141.956112019233
142.853976746595
142.722426559495
149.630563862296
139.702786738241
153.275514775059
153.793124120623
142.459218472876
154.208910436128
148.287280897104
152.115800587913
154.55147234635
156.252463024772
145.69790878082
154.943835235483
145.78284267894
149.106973153456
157.699700091431
151.932867153824
150.784808281384
134.551967738654
138.321155426544
174.423913754287
177.853941370433
153.434296880713
131.905047743028
149.639277891325
159.636714423229
159.21136608936
160.64512202647
142.939968926332
151.918117451263
159.425286996309
134.030869386426
158.524704860463
158.155264011347
138.060915498107
149.569275137151
144.137662483997
160.820151981269
148.895050275367
154.358822766077
141.013720034764
148.618184112366
148.229435649296
154.010747688914
152.888066670092
155.000156423351
166.565148110006
153.466676004657
152.144223670638
139.303729326538
154.84385788371
144.825480181106
148.982924919704
151.374647917453
135.071161819514
