82.6639435976244
94.121284003114
115.237807195783
91.721418122413
116.957494138363
111.524188684816
102.798080720532
102.746582604793
98.6259800204734
98.0240241779188
106.298252155573
88.2060829002785
100.611765934323
79.1476179956767
91.6045320387649
97.5082178642223
105.746098465118
89.7346115954944
106.00356688533
107.948254132632
173.774646535756
165.209337094106
140.598393471755
168.672061351403
159.849023211831
164.816449211369
138.325041049769
157.820647884372
157.895612482852
168.535227889337
175.534579334321
158.974346171755
144.941502545685
145.872769671463
159.885470632814
182.285694427755
171.023314761304
167.494782445849
162.197320611167
170.334276063209
185.162601684245
175.036822798723
170.103955722881
150.003632620807
165.710874928087
176.794259469891
146.363664650455
150.125002565456
162.38019666842
150.80190798617
148.882784988436
171.290560380652
160.424582034782
159.269624429914
144.748179618406
152.148019927413
176.54187336605
150.22704328281
175.640455856044
146.117336942199
155.406391186556
171.066110474557
152.327002069739
169.115837109461
170.657170341334
172.012086677857
147.804180645191
159.978338965129
170.217575382236
143.714532058578
158.371827360683
153.683038766541
162.959364949111
153.303586537367
162.685033561497
156.778731374824
171.731552316895
160.852873030069
168.484335217088
150.461145161924
175.191635439288
171.080070090192
163.454614257233
165.657134437912
157.481532542263
160.070899947967
169.074751739414
171.522901420898
162.06173191705
156.762222972407
160.481241903619
160.190578175922
172.813325991661
163.169911964581
165.011875703383
160.684090128892
166.259066985705
164.136614450935
163.831718592815
161.723150545555
159.300975731095
165.845650292503
158.100335233372
163.072642613667
148.41532128715
163.643357150694
147.548190915357
169.805337864297
140.288579237971
142.580064504373
168.824595966225
152.715593517268
161.390321023545
163.250764778147
174.629556805809
157.580925280174
146.823362855921
149.720204968714
162.030374814086
174.525914353626
